{
 "cells": [
  {
   "cell_type": "markdown",
   "metadata": {},
   "source": [
    "the program requires python3.5+,autograd '1.4' ,torch '1.12.0',pymanopt '2.0',pandas"
   ]
  },
  {
   "cell_type": "code",
   "execution_count": 1,
   "metadata": {},
   "outputs": [],
   "source": [
    "from importlib_metadata import version\n",
    "import autograd.numpy as anp\n",
    "import torch\n",
    "import pymanopt\n",
    "import pymanopt.manifolds\n",
    "import pymanopt.optimizers\n",
    "import pandas as pd"
   ]
  },
  {
   "cell_type": "code",
   "execution_count": 2,
   "metadata": {},
   "outputs": [
    {
     "data": {
      "text/plain": [
       "'1.4'"
      ]
     },
     "execution_count": 2,
     "metadata": {},
     "output_type": "execute_result"
    }
   ],
   "source": [
    "version('autograd')"
   ]
  },
  {
   "cell_type": "code",
   "execution_count": 3,
   "metadata": {},
   "outputs": [
    {
     "data": {
      "text/plain": [
       "'1.12.0'"
      ]
     },
     "execution_count": 3,
     "metadata": {},
     "output_type": "execute_result"
    }
   ],
   "source": [
    "version('torch')"
   ]
  },
  {
   "cell_type": "code",
   "execution_count": 4,
   "metadata": {},
   "outputs": [
    {
     "data": {
      "text/plain": [
       "'2.0.0'"
      ]
     },
     "execution_count": 4,
     "metadata": {},
     "output_type": "execute_result"
    }
   ],
   "source": [
    "version('pymanopt')"
   ]
  },
  {
   "cell_type": "markdown",
   "metadata": {},
   "source": [
    "the purpose of the program is to set the parameters $\\Pi\\,X,r$ and return a projection matrix $v$  \n",
    "where $r$ is the factor penality.\n",
    "where\n",
    "\n",
    "1. $\\Pi$ is a numpy vector\n",
    "2. $X$ is a numpy matrix\n",
    "3. $r$ positive number or nulle\n"
   ]
  },
  {
   "cell_type": "code",
   "execution_count": 5,
   "metadata": {},
   "outputs": [],
   "source": [
    "SUPPORTED_BACKENDS = (\"autograd\", \"numpy\",\"pytorch\")#tensorflow will be next version"
   ]
  },
  {
   "cell_type": "code",
   "execution_count": 6,
   "metadata": {},
   "outputs": [],
   "source": [
    "#OBJECTIVE FUNCTION\n",
    "\n",
    "def funobj(K,X,I):\n",
    "\n",
    "    D = K * I\n",
    "    invD = anp.linalg.inv(D)\n",
    "    invD_X = invD @ X\n",
    "\n",
    "    return anp.trace( invD_X.T @ (K * (I-K)) @ invD_X)\n",
    "\n",
    "def penobj(K,Pi):\n",
    "\n",
    "    sub = anp.diag(K) - Pi\n",
    "\n",
    "    return anp.sum(sub * sub)"
   ]
  },
  {
   "cell_type": "code",
   "execution_count": 7,
   "metadata": {},
   "outputs": [],
   "source": [
    "#EUCLIDIEAN GRADIANT\n",
    "\n",
    "def fungrad(K,X,I):\n",
    "    \n",
    "    D = K * I\n",
    "    T0 = anp.linalg.inv(D)\n",
    "    X_2 = X @ X.T\n",
    "    T1 = T0 @ X_2 @ T0\n",
    "    T2 = I - K\n",
    "    T3 = K * T2\n",
    "    \n",
    "    return I * (T1 @ (I - 2*T3@T0)) -2*K*T1\n",
    "\n",
    "def pengrad(K,Dpi,I):\n",
    "\n",
    "    return 2 * I * (K - Dpi)"
   ]
  },
  {
   "cell_type": "code",
   "execution_count": 8,
   "metadata": {},
   "outputs": [],
   "source": [
    "#EUCLIDIEAN HESSIAN\n",
    "\n",
    "def funhess(K,X,I):\n",
    "    \n",
    "    X2 = X @ X.T\n",
    "    D = K * I\n",
    "    T0 = anp.linalg.inv(D)\n",
    "    T1 = T0 @ X2 @ T0\n",
    "    T2 = T0 @ (K * (I-K))\n",
    "    T3 = (I * T1) @ T0\n",
    "    T5 = -T2 @ T3\n",
    "    derive1 = (T4 + T5) * I + T3 * (I-2*K)\n",
    "    derive2 = ((I - 2 * T0 @ (I * K)) @ T1) * I\n",
    "\n",
    "    return -2 * (derive1 + derive2)\n",
    "\n",
    "def penhess(K,Dpi,I):\n",
    "\n",
    "    return 2 * I"
   ]
  },
  {
   "cell_type": "code",
   "execution_count": 9,
   "metadata": {},
   "outputs": [],
   "source": [
    "def checking(Pi,X,r):\n",
    "    #check $\\Pi$ and $X$, $r$ respects property \n",
    "    if not(isinstance(Pi,anp.ndarray)):\n",
    "        raise ValueError(f\"Pi is not nympy | type of Pi:'{type(Pi)}'\")\n",
    "\n",
    "    if not(isinstance(X,anp.ndarray)):\n",
    "        raise ValueError(f\"Pi is not nympy | type of X:'{type(X)}'\")\n",
    "        \n",
    "    if not( isinstance(r,int) or isinstance(r,float) ):\n",
    "        raise ValueError(f\"r is not int or float| type of r:'{type(r)}'\")\n",
    "\n",
    "\n",
    "    if not(len(Pi.shape) == 1 ):\n",
    "        raise ValueError(f\"Pi is not vector numpy\")\n",
    "\n",
    "    if not(len(X.shape) == 2 ):\n",
    "        raise ValueError(f\"X dimension is not matrix numpy \")\n",
    "\n",
    "\n",
    "    if not(X.shape[0] == Pi.shape[0]):\n",
    "        raise ValueError(f\"X and Pi no match | dimension of X :'{X.shape}' and dimension of Pi :'{Pi.shape}' \")\n",
    "\n",
    "    n = anp.sum(Pi)\n",
    "\n",
    "    if not( anp.isclose(n%1,0)):\n",
    "        raise ValueError(f\"sum Pi is very different finterger| sum Pi:'{n}'\")\n",
    "\n",
    "    if not(anp.any((0 < Pi) & (Pi < 1))):\n",
    "        raise ValueError(f\"Pi is not vector of probability| the elemeents:'{Pi[~anp.any((0 < Pi) & (Pi < 1))]}'\")\n",
    "        \n",
    "    if not(r >= 0):\n",
    "        raise ValueError(f\"r is not positive number| signe of r: - \")\n",
    "\n",
    "\n",
    "    return Pi.shape[0],int(anp.sum(Pi))"
   ]
  },
  {
   "cell_type": "code",
   "execution_count": 10,
   "metadata": {},
   "outputs": [],
   "source": [
    "def create_cost_derivate(manifold,Pi,X,r,backend):\n",
    "    \n",
    "    euclidean_gradient = euclidean_hessian = None\n",
    "\n",
    "    Dpi = anp.diag(Pi)\n",
    "    I = anp.eye(N)\n",
    "    if backend == \"autograd\":\n",
    "        @pymanopt.function.autograd(manifold)\n",
    "        def cost(v):\n",
    "            K = v @ v.T\n",
    "\n",
    "            return funobj(K,X,I)  + r * penobj(K,Pi)\n",
    "\n",
    "    elif backend == \"numpy\":\n",
    "        @pymanopt.function.numpy(manifold)\n",
    "        def cost(v):\n",
    "            K = v @ v.T\n",
    "            return funobj(K,X,I) + r * penobj(K,Pi)\n",
    "\n",
    "        @pymanopt.function.numpy(manifold)\n",
    "        def euclidean_gradient(v):\n",
    "            K = v @ v.T\n",
    "            return 2 * (fungrad(K,X,I) + r * pengrad(K,Dpi,I)) @ v\n",
    "\n",
    "        @pymanopt.function.numpy(manifold)\n",
    "        def euclidean_hessian(v,H):\n",
    "            K = v @ v.T\n",
    "            return  2 * ((funhess(K,X,I) + r * penhess(K,Dpi,I)) @ (v @ H.T  + H @ v.T) @ v + (fungrad(K,X,I) +  r * penrad(K,Dpi,I)) @ H)\n",
    "\n",
    "    elif backend == \"pytorch\":\n",
    "        Pi_ = torch.from_numpy(Pi)\n",
    "        X_  = torch.from_numpy(X)\n",
    "        I_ = torch.from_numpy(I)\n",
    "        @pymanopt.function.pytorch(manifold)\n",
    "        def cost(v):\n",
    "            K = v @ v.T\n",
    "            D_ = K * I_\n",
    "            invD = torch.linalg.inv(D_)\n",
    "            invD_X_ =  invD @ X_\n",
    "\n",
    "            return torch.trace( invD_X_.T @ (K * (I_-K)) @   invD_X_) + r * torch.sum((torch.diag(K) - Pi_)**2)\n",
    "    else:\n",
    "        raise ValueError(f\"Unsupported backend '{backend}'\")\n",
    "\n",
    "    return cost,euclidean_gradient,euclidean_hessian"
   ]
  },
  {
   "cell_type": "code",
   "execution_count": 27,
   "metadata": {},
   "outputs": [],
   "source": [
    "#the examples are samples of couples (N,n) associated with the kernel\n",
    "#(N,n) : (20,3) (40,6) (60,9)\n",
    "#q : 1,2,3\n",
    "def example(N,n,q):\n",
    "    data1 = pd.read_csv(\"../sample/X_\"+str(N)+'_'+str(n)+\".csv\")\n",
    "    data2 = pd.read_csv(\"../sample/Ppi_X\"+str(q)+'_'+str(N)+'_'+str(n)+\".csv\")\n",
    "    data3 = pd.read_csv(\"../sample/K_\"+str(N)+'_'+str(n)+\".csv\",usecols=['V'+str(i) for i in range(1,N+1)])\n",
    "    data4 = pd.read_csv(\"../sample/Kr_X\"+str(q)+'_'+str(N)+'_'+str(n)+\".csv\",usecols=['V'+str(i) for i in range(1,N+1)])\n",
    "    Pi = data1[\"pi\"].to_numpy()\n",
    "    X = data1['x'+str(q)].to_numpy().reshape((N,1))\n",
    "    Ppi = data2.to_numpy()\n",
    "    K = data3.to_numpy()\n",
    "    K_r = data4.to_numpy()\n",
    "    return Pi,X,Ppi,K,K_r.real"
   ]
  },
  {
   "cell_type": "markdown",
   "metadata": {},
   "source": [
    "$P^\\Pi,K,K_r$ are kernel for the couple $(N,n)$ and matrix $X$  \n",
    "such that $f(P^\\Pi,X) < f(K_r,X) < f(K,X)$"
   ]
  },
  {
   "cell_type": "code",
   "execution_count": 12,
   "metadata": {},
   "outputs": [],
   "source": [
    "N = 20\n",
    "n = 3\n",
    "q = 1\n",
    "r = 10**10"
   ]
  },
  {
   "cell_type": "code",
   "execution_count": 13,
   "metadata": {},
   "outputs": [],
   "source": [
    "Pi,X,Ppi,K,K_r = example(N,n,q)"
   ]
  },
  {
   "cell_type": "code",
   "execution_count": 14,
   "metadata": {},
   "outputs": [
    {
     "data": {
      "text/plain": [
       "(17.59154006764077, ' < ', 19.571829130864426, ' < ', 86.53372297065677)"
      ]
     },
     "execution_count": 14,
     "metadata": {},
     "output_type": "execute_result"
    }
   ],
   "source": [
    "funobj(Ppi,X,anp.eye(N)),' < ', funobj(K_r,X,anp.eye(N)), ' < ', funobj(K,X,anp.eye(N))"
   ]
  },
  {
   "cell_type": "code",
   "execution_count": 15,
   "metadata": {},
   "outputs": [
    {
     "data": {
      "text/plain": [
       "array([ 9.99999964e-01,  1.00000000e+00,  1.00000000e+00, -1.21807207e-15,\n",
       "        1.07020525e-15,  7.44541711e-16,  6.92700886e-16,  5.80721955e-16,\n",
       "        4.39744330e-16, -4.78967670e-16,  3.12515139e-16,  2.28306243e-16,\n",
       "       -3.97218488e-16, -3.20715935e-16, -2.58666998e-16, -1.74656163e-16,\n",
       "       -1.44252026e-16,  1.20174426e-16,  2.20374633e-17, -3.17814347e-17])"
      ]
     },
     "execution_count": 15,
     "metadata": {},
     "output_type": "execute_result"
    }
   ],
   "source": [
    "anp.linalg.eig(K)[0]"
   ]
  },
  {
   "cell_type": "markdown",
   "metadata": {},
   "source": [
    "we take the first 3 columns of the eigenvectors for the projection vectors"
   ]
  },
  {
   "cell_type": "code",
   "execution_count": 16,
   "metadata": {},
   "outputs": [],
   "source": [
    "VP = lambda K,n : anp.linalg.eig(K)[1][:,:n]"
   ]
  },
  {
   "cell_type": "code",
   "execution_count": 17,
   "metadata": {},
   "outputs": [],
   "source": [
    "v = VP(K_r,n)"
   ]
  },
  {
   "cell_type": "code",
   "execution_count": 18,
   "metadata": {},
   "outputs": [
    {
     "data": {
      "text/plain": [
       "(19.571829130864426, (13.00729361008596+0j))"
      ]
     },
     "execution_count": 18,
     "metadata": {},
     "output_type": "execute_result"
    }
   ],
   "source": [
    "funobj(K_r,X,anp.eye(N)) , funobj(v@v.T,X,anp.eye(N).real)"
   ]
  },
  {
   "cell_type": "markdown",
   "metadata": {},
   "source": [
    "Normally $f(K_r,X) \\approx f(\\mathrm{vp}(K_r) \\cdot \\mathrm{vp}(K_r)^\\top,X)$"
   ]
  },
  {
   "cell_type": "markdown",
   "metadata": {},
   "source": [
    "# test pymanopt"
   ]
  },
  {
   "cell_type": "code",
   "execution_count": 19,
   "metadata": {},
   "outputs": [],
   "source": [
    "N,n = checking(Pi,X,r)\n",
    "manifold = pymanopt.manifolds.grassmann.Grassmann(N, n)\n",
    "cost,euclidean_gradient,euclidean_hessian = create_manifold_cost_derivate(manifold,Pi,X,r,\"autograd\")\n",
    "problem = pymanopt.Problem(manifold, cost, euclidean_gradient=euclidean_gradient)\n",
    "optimizer = pymanopt.optimizers.SteepestDescent()"
   ]
  },
  {
   "cell_type": "code",
   "execution_count": 20,
   "metadata": {},
   "outputs": [
    {
     "name": "stdout",
     "output_type": "stream",
     "text": [
      "Optimizing...\n",
      "Iteration    Cost                       Gradient norm     \n",
      "---------    -----------------------    --------------    \n",
      "   1         +5.9619492765589724e+09    9.71872646e+09    \n",
      "   2         +1.8811897352647803e+09    5.94564260e+09    \n",
      "   3         +1.5234414057333784e+09    5.80518042e+09    \n",
      "   4         +5.5907644114035213e+08    2.80053806e+09    \n",
      "   5         +2.2594315856482643e+08    2.45229904e+09    \n",
      "   6         +1.4306051996962461e+08    2.21856014e+09    \n",
      "   7         +2.9773888310529709e+07    1.17860034e+09    \n",
      "   8         +2.1951533757670950e+06    1.71055576e+08    \n",
      "   9         +8.0982520034918177e+05    1.48965378e+08    \n",
      "  10         +3.4762644869559840e+05    8.85770918e+07    \n",
      "  11         +1.6670513513612025e+05    5.15751319e+07    \n",
      "  12         +9.1113516222066450e+04    3.82923430e+07    \n",
      "  13         +7.5394666325169397e+04    5.17092287e+07    \n",
      "  14         +3.0321982081983224e+04    2.35086419e+07    \n",
      "  15         +2.0326134386194866e+04    2.33413028e+07    \n",
      "  16         +1.3290793219883104e+04    2.02062919e+07    \n",
      "  17         +7.8299671199958639e+03    1.55585790e+07    \n",
      "  18         +2.6940532035675819e+03    4.76578002e+06    \n",
      "  19         +1.4260306535998329e+03    5.14927755e+06    \n",
      "  20         +1.3661403330403043e+03    6.77541708e+06    \n",
      "  21         +1.1417732504591934e+03    5.91905546e+06    \n",
      "  22         +5.1944978119465873e+02    2.46608068e+06    \n",
      "  23         +4.4391516593514814e+02    3.31876250e+06    \n",
      "  24         +2.3974864796055220e+02    1.30726368e+06    \n",
      "  25         +2.1468010917203810e+02    2.01084473e+06    \n",
      "  26         +1.4419762126904351e+02    8.69369574e+05    \n",
      "  27         +1.3222507978633456e+02    1.04269515e+06    \n",
      "  28         +1.0860057901781961e+02    3.36086395e+05    \n",
      "  29         +1.0109769370584674e+02    5.75568365e+05    \n",
      "  30         +9.4576309205466799e+01    1.28966635e+05    \n",
      "  31         +9.4134979711815333e+01    1.54238298e+05    \n",
      "  32         +9.3816383565533030e+01    1.36701927e+05    \n",
      "  33         +9.3541441083075853e+01    1.03463561e+05    \n",
      "  34         +9.3313472819307663e+01    4.39076269e+04    \n",
      "  35         +9.3278849962247534e+01    6.60556708e+04    \n",
      "  36         +9.3192504086928992e+01    2.10963099e+04    \n",
      "  37         +9.3189828155694116e+01    4.68285600e+04    \n",
      "  38         +9.3179783254537767e+01    4.10706756e+04    \n",
      "  39         +9.3151612269365586e+01    1.69041116e+04    \n",
      "  40         +9.3145380656998981e+01    6.74207493e+03    \n",
      "  41         +9.3144222640790872e+01    1.10038287e+04    \n",
      "  42         +9.3141719231606913e+01    2.64638103e+03    \n",
      "  43         +9.3140668430861808e+01    1.48356279e+03    \n",
      "  44         +9.3140633464837521e+01    8.17510514e+02    \n",
      "  45         +9.3140619796590514e+01    3.47889221e+02    \n",
      "  46         +9.3140618757809648e+01    5.27102525e+02    \n",
      "  47         +9.3140615348408915e+01    3.41160409e+02    \n",
      "  48         +9.3140612925404852e+01    1.94062459e+02    \n",
      "  49         +9.3140611909378265e+01    1.37258760e+02    \n",
      "  50         +9.3140611615213658e+01    1.92762744e+02    \n",
      "  51         +9.3140610875183512e+01    6.48367995e+01    \n",
      "  52         +9.3140610733579152e+01    1.23184707e+02    \n",
      "  53         +9.3140610425976206e+01    2.62571565e+01    \n",
      "  54         +9.3140610315620648e+01    5.37652373e+01    \n",
      "  55         +9.3140610289650269e+01    5.16752220e+01    \n",
      "  56         +9.3140610232549150e+01    1.61453239e+01    \n",
      "  57         +9.3140610042367513e+01    1.80748905e+01    \n",
      "  58         +9.3140609870342743e+01    3.04013745e+01    \n",
      "  59         +9.3140609803132023e+01    4.73725260e+01    \n",
      "  60         +9.3140609703635704e+01    6.34146576e+01    \n",
      "  61         +9.3140609610596798e+01    2.86223897e+01    \n",
      "  62         +9.3140609565111944e+01    3.56724514e+01    \n",
      "  63         +9.3140609534453702e+01    3.07671697e+01    \n",
      "  64         +9.3140609507776418e+01    2.37227725e+01    \n",
      "  65         +9.3140609487466222e+01    2.88564435e+01    \n",
      "  66         +9.3140609477204492e+01    3.94140745e+01    \n",
      "  67         +9.3140609447939795e+01    1.93604545e+01    \n",
      "  68         +9.3140609432129835e+01    3.81832357e+01    \n",
      "  69         +9.3140609398547141e+01    1.57260221e+01    \n",
      "  70         +9.3140609326602970e+01    5.43270304e+01    \n",
      "  71         +9.3140609265845356e+01    2.01036201e+01    \n",
      "  72         +9.3140609255764360e+01    4.07400618e+01    \n",
      "  73         +9.3140609226292199e+01    2.07585869e+01    \n",
      "  74         +9.3140609215860565e+01    3.88073644e+01    \n",
      "  75         +9.3140609186732448e+01    1.82990801e+01    \n",
      "  76         +9.3140609169627012e+01    3.87829999e+01    \n",
      "  77         +9.3140609135116449e+01    1.62962736e+01    \n",
      "  78         +9.3140609123948437e+01    7.62331209e+01    \n",
      "  79         +9.3140609083514420e+01    6.18337263e+01    \n",
      "  80         +9.3140609004441515e+01    1.60137279e+01    \n",
      "  81         +9.3140608980281471e+01    7.92170501e+01    \n",
      "  82         +9.3140608902071463e+01    4.93553675e+01    \n",
      "  83         +9.3140608862603514e+01    3.41031678e+01    \n",
      "  84         +9.3140608838961484e+01    2.73281686e+01    \n",
      "  85         +9.3140608818356256e+01    2.08052624e+01    \n",
      "  86         +9.3140608800890050e+01    2.56109014e+01    \n",
      "  87         +9.3140608793270488e+01    3.89657413e+01    \n",
      "  88         +9.3140608769468670e+01    2.30452579e+01    \n",
      "  89         +9.3140608753054764e+01    2.72515446e+01    \n",
      "  90         +9.3140608738994800e+01    3.25675392e+01    \n",
      "  91         +9.3140608712805559e+01    1.84004218e+01    \n",
      "  92         +9.3140608694121354e+01    3.46351435e+01    \n",
      "  93         +9.3140608667801928e+01    2.40849768e+01    \n",
      "  94         +9.3140608652314853e+01    2.91948261e+01    \n",
      "  95         +9.3140608632685499e+01    2.64358766e+01    \n",
      "  96         +9.3140608630387703e+01    4.36301514e+01    \n",
      "  97         +9.3140608621698888e+01    3.89066409e+01    \n",
      "  98         +9.3140608595647606e+01    2.10903801e+01    \n",
      "  99         +9.3140608581595487e+01    3.31898213e+01    \n",
      " 100         +9.3140608554585086e+01    1.77126170e+01    \n",
      " 101         +9.3140608532841583e+01    3.49750184e+01    \n",
      " 102         +9.3140608510463551e+01    3.01657600e+01    \n",
      " 103         +9.3140608505634049e+01    4.26599526e+01    \n",
      " 104         +9.3140608488620714e+01    3.27135695e+01    \n",
      " 105         +9.3140608464282167e+01    2.38268547e+01    \n",
      " 106         +9.3140608447605473e+01    2.68316210e+01    \n",
      " 107         +9.3140608435064692e+01    3.41492778e+01    \n",
      " 108         +9.3140608407188580e+01    1.54754840e+01    \n",
      " 109         +9.3140608324838169e+01    3.85721339e+01    \n",
      " 110         +9.3140608292051724e+01    2.13066580e+01    \n",
      " 111         +9.3140608286796365e+01    4.34102111e+01    \n",
      " 112         +9.3140608268423478e+01    3.27293781e+01    \n",
      " 113         +9.3140608245877118e+01    2.68312711e+01    \n",
      " 114         +9.3140608225535829e+01    2.02902103e+01    \n",
      " 115         +9.3140608207777916e+01    2.57343917e+01    \n",
      " 116         +9.3140608200799917e+01    3.95772642e+01    \n",
      " 117         +9.3140608178345786e+01    2.49364719e+01    \n",
      " 118         +9.3140608159767481e+01    2.27394868e+01    \n",
      " 119         +9.3140608141726645e+01    2.08736107e+01    \n",
      " 120         +9.3140608123861909e+01    2.21875910e+01    \n",
      " 121         +9.3140608123694179e+01    4.68266172e+01    \n",
      "Terminated - min step_size reached after 121 iterations, 0.18 seconds.\n",
      "\n"
     ]
    },
    {
     "data": {
      "text/plain": [
       "93.14052345634052"
      ]
     },
     "execution_count": 20,
     "metadata": {},
     "output_type": "execute_result"
    }
   ],
   "source": [
    "result = optimizer.run(problem)\n",
    "vt = result.point\n",
    "funobj(vt@vt.T,X,anp.eye(N))"
   ]
  },
  {
   "cell_type": "code",
   "execution_count": 21,
   "metadata": {},
   "outputs": [
    {
     "data": {
      "text/plain": [
       "array([[ 1.81816380e-01, -8.66605593e-02, -1.31272213e-02,\n",
       "        -4.11046194e-02, -1.07260357e-01, -1.02655421e-04,\n",
       "        -9.29409634e-03,  7.12475670e-02,  7.98899878e-02,\n",
       "        -1.35329670e-01, -9.36981395e-02, -6.11060054e-02,\n",
       "        -1.33607073e-01,  7.37575157e-02, -1.05472831e-01,\n",
       "         7.74198503e-02,  1.61342581e-01, -1.23689017e-01,\n",
       "         5.52021476e-02,  2.68879425e-02],\n",
       "       [-8.66605593e-02,  1.33610655e-01,  9.63482677e-02,\n",
       "         1.21244292e-01,  6.69084753e-02, -4.03638013e-02,\n",
       "        -1.78185418e-02, -1.33858723e-01,  7.54226152e-02,\n",
       "         5.95274162e-02,  8.88771303e-02, -4.33701610e-02,\n",
       "        -4.23826210e-02, -6.64680032e-02,  3.48615822e-02,\n",
       "        -4.50697957e-02, -4.69891039e-02,  4.05048925e-02,\n",
       "        -1.24385620e-01, -1.10138490e-01],\n",
       "       [-1.31272213e-02,  9.63482677e-02,  1.17306610e-01,\n",
       "         9.87138156e-02,  7.24984593e-03, -6.53842968e-02,\n",
       "         7.06410350e-02, -1.06475339e-01,  8.71133796e-02,\n",
       "        -2.38679597e-02,  4.49525533e-02, -8.55635585e-02,\n",
       "        -1.28252644e-01, -1.64326822e-02, -5.44007917e-02,\n",
       "        -7.42712259e-02,  1.01355515e-02,  8.17913730e-02,\n",
       "        -6.88287431e-02, -9.72962223e-02],\n",
       "       [-4.11046194e-02,  1.21244292e-01,  9.87138156e-02,\n",
       "         1.21662175e-01,  4.35716252e-02, -4.13160581e-02,\n",
       "        -3.35865861e-02, -1.25656311e-01,  1.09117312e-01,\n",
       "         2.86269941e-02,  7.04840560e-02, -6.36774008e-02,\n",
       "        -8.24055602e-02, -5.35317376e-02,  1.26050236e-02,\n",
       "        -1.90916897e-02, -2.62973908e-03, -3.44169358e-03,\n",
       "        -1.24253209e-01, -1.13212211e-01],\n",
       "       [-1.07260357e-01,  6.69084753e-02,  7.24984593e-03,\n",
       "         4.35716252e-02,  7.48690189e-02,  7.66298093e-03,\n",
       "        -4.96016103e-02, -5.69736513e-02, -1.77110619e-02,\n",
       "         9.50834004e-02,  6.56164709e-02,  3.44010068e-02,\n",
       "         7.99106372e-02, -5.97475899e-02,  8.58605343e-02,\n",
       "        -1.31148230e-02, -8.59219889e-02,  1.89904512e-02,\n",
       "        -6.66074184e-02, -3.22995758e-02],\n",
       "       [-1.02655421e-04, -4.03638013e-02, -6.53842968e-02,\n",
       "        -4.13160581e-02,  7.66298093e-03,  4.13780538e-02,\n",
       "        -7.39408974e-02,  4.71911523e-02, -3.34014192e-02,\n",
       "         2.85264561e-02, -1.47704234e-02,  4.93162609e-02,\n",
       "         7.78914945e-02, -4.08958917e-03,  4.96836705e-02,\n",
       "         5.89455967e-02, -6.42300290e-03, -7.47941522e-02,\n",
       "         1.47220332e-02,  4.29286270e-02],\n",
       "       [-9.29409634e-03, -1.78185418e-02,  7.06410350e-02,\n",
       "        -3.35865861e-02, -4.96016103e-02, -7.39408974e-02,\n",
       "         3.01536214e-01,  8.09250585e-03, -8.91645120e-02,\n",
       "        -8.47105091e-02, -2.18943827e-02, -4.13850521e-02,\n",
       "        -7.84795912e-02,  6.65195616e-02, -1.42395198e-01,\n",
       "        -1.97784302e-01, -3.93589985e-02,  3.03835206e-01,\n",
       "         1.20407230e-01,  2.09024689e-02],\n",
       "       [ 7.12475670e-02, -1.33858723e-01, -1.06475339e-01,\n",
       "        -1.25656311e-01, -5.69736513e-02,  4.71911523e-02,\n",
       "         8.09250585e-03,  1.36553568e-01, -8.91237437e-02,\n",
       "        -4.37705733e-02, -8.39030806e-02,  5.71024660e-02,\n",
       "         6.70640234e-02,  6.01723710e-02, -1.83277983e-02,\n",
       "         4.73526325e-02,  3.18484205e-02, -4.07360101e-02,\n",
       "         1.23617606e-01,  1.15915760e-01],\n",
       "       [ 7.98899878e-02,  7.54226152e-02,  8.71133796e-02,\n",
       "         1.09117312e-01, -1.77110619e-02, -3.34014192e-02,\n",
       "        -8.91645120e-02, -8.91237437e-02,  1.85936554e-01,\n",
       "        -4.74613262e-02,  1.63283409e-02, -1.03893314e-01,\n",
       "        -1.67483852e-01, -1.83417082e-02, -3.57197251e-02,\n",
       "         6.21951192e-02,  1.12341472e-01, -1.34244803e-01,\n",
       "        -1.15780409e-01, -1.07626083e-01],\n",
       "       [-1.35329670e-01,  5.95274162e-02, -2.38679597e-02,\n",
       "         2.86269941e-02,  9.50834004e-02,  2.85264561e-02,\n",
       "        -8.47105091e-02, -4.37705733e-02, -4.74613262e-02,\n",
       "         1.30137944e-01,  7.23889601e-02,  6.88483610e-02,\n",
       "         1.39970458e-01, -7.29078738e-02,  1.26896603e-01,\n",
       "         4.28060797e-03, -1.14199770e-01,  1.05781695e-03,\n",
       "        -6.70652325e-02, -1.43962057e-02],\n",
       "       [-9.36981395e-02,  8.88771303e-02,  4.49525533e-02,\n",
       "         7.04840560e-02,  6.56164709e-02, -1.47704234e-02,\n",
       "        -2.18943827e-02, -8.39030806e-02,  1.63283409e-02,\n",
       "         7.23889601e-02,  7.03368504e-02,  1.22270517e-04,\n",
       "         2.40544403e-02, -5.64107347e-02,  5.51837223e-02,\n",
       "        -3.31991671e-02, -6.75224234e-02,  3.90207619e-02,\n",
       "        -8.08264447e-02, -6.04132644e-02],\n",
       "       [-6.11060054e-02, -4.33701610e-02, -8.55635585e-02,\n",
       "        -6.36774008e-02,  3.44010068e-02,  4.93162609e-02,\n",
       "        -4.13850521e-02,  5.71024660e-02, -1.03893314e-01,\n",
       "         6.88483610e-02,  1.22270517e-04,  9.04667312e-02,\n",
       "         1.51446756e-01, -1.33480990e-02,  7.93081918e-02,\n",
       "         2.14372069e-02, -7.27082907e-02, -5.36985306e-03,\n",
       "         3.75985894e-02,  6.76473497e-02],\n",
       "       [-1.33607073e-01, -4.23826210e-02, -1.28252644e-01,\n",
       "        -8.24055602e-02,  7.99106372e-02,  7.78914945e-02,\n",
       "        -7.84795912e-02,  6.70640234e-02, -1.67483852e-01,\n",
       "         1.39970458e-01,  2.40544403e-02,  1.51446756e-01,\n",
       "         2.61629623e-01, -4.17461324e-02,  1.52020847e-01,\n",
       "         2.59095926e-02, -1.43971891e-01,  2.20564686e-03,\n",
       "         3.47869485e-02,  9.25148248e-02],\n",
       "       [ 7.37575157e-02, -6.64680032e-02, -1.64326822e-02,\n",
       "        -5.35317376e-02, -5.97475899e-02, -4.08958917e-03,\n",
       "         6.65195616e-02,  6.01723710e-02, -1.83417082e-02,\n",
       "        -7.29078738e-02, -5.64107347e-02, -1.33480990e-02,\n",
       "        -4.17461324e-02,  5.38562629e-02, -6.97056479e-02,\n",
       "        -7.36683644e-03,  5.02331039e-02,  1.82656795e-02,\n",
       "         7.67947898e-02,  4.36715925e-02],\n",
       "       [-1.05472831e-01,  3.48615822e-02, -5.44007917e-02,\n",
       "         1.26050236e-02,  8.58605343e-02,  4.96836705e-02,\n",
       "        -1.42395198e-01, -1.83277983e-02, -3.57197251e-02,\n",
       "         1.26896603e-01,  5.51837223e-02,  7.93081918e-02,\n",
       "         1.52020847e-01, -6.97056479e-02,  1.41380076e-01,\n",
       "         5.67680060e-02, -8.63439947e-02, -7.53190921e-02,\n",
       "        -6.66741443e-02,  1.25569093e-03],\n",
       "       [ 7.74198503e-02, -4.50697957e-02, -7.42712259e-02,\n",
       "        -1.90916897e-02, -1.31148230e-02,  5.89455967e-02,\n",
       "        -1.97784302e-01,  4.73526325e-02,  6.21951192e-02,\n",
       "         4.28060797e-03, -3.31991671e-02,  2.14372069e-02,\n",
       "         2.59095926e-02, -7.36683644e-03,  5.67680060e-02,\n",
       "         1.63334619e-01,  8.18809792e-02, -2.45087849e-01,\n",
       "        -3.37582184e-02,  2.08438315e-02],\n",
       "       [ 1.61342581e-01, -4.69891039e-02,  1.01355515e-02,\n",
       "        -2.62973908e-03, -8.59219889e-02, -6.42300290e-03,\n",
       "        -3.93589985e-02,  3.18484205e-02,  1.12341472e-01,\n",
       "        -1.14199770e-01, -6.75224234e-02, -7.27082907e-02,\n",
       "        -1.43971891e-01,  5.02331039e-02, -8.63439947e-02,\n",
       "         8.18809792e-02,  1.54799987e-01, -1.39428454e-01,\n",
       "         9.15358733e-03, -7.58331120e-03],\n",
       "       [-1.23689017e-01,  4.05048925e-02,  8.17913730e-02,\n",
       "        -3.44169358e-03,  1.89904512e-02, -7.47941522e-02,\n",
       "         3.03835206e-01, -4.07360101e-02, -1.34244803e-01,\n",
       "         1.05781695e-03,  3.90207619e-02, -5.36985306e-03,\n",
       "         2.20564686e-03,  1.82656795e-02, -7.53190921e-02,\n",
       "        -2.45087849e-01, -1.39428454e-01,  3.78288761e-01,\n",
       "         8.07525183e-02, -9.30321794e-06],\n",
       "       [ 5.52021476e-02, -1.24385620e-01, -6.88287431e-02,\n",
       "        -1.24253209e-01, -6.66074184e-02,  1.47220332e-02,\n",
       "         1.20407230e-01,  1.23617606e-01, -1.15780409e-01,\n",
       "        -6.70652325e-02, -8.08264447e-02,  3.75985894e-02,\n",
       "         3.47869485e-02,  7.67947898e-02, -6.66741443e-02,\n",
       "        -3.37582184e-02,  9.15358733e-03,  8.07525183e-02,\n",
       "         1.54505705e-01,  1.11171365e-01],\n",
       "       [ 2.68879425e-02, -1.10138490e-01, -9.72962223e-02,\n",
       "        -1.13212211e-01, -3.22995758e-02,  4.29286270e-02,\n",
       "         2.09024689e-02,  1.15915760e-01, -1.07626083e-01,\n",
       "        -1.43962057e-02, -6.04132644e-02,  6.76473497e-02,\n",
       "         9.25148248e-02,  4.36715925e-02,  1.25569093e-03,\n",
       "         2.08438315e-02, -7.58331120e-03, -9.30321794e-06,\n",
       "         1.11171365e-01,  1.06594213e-01]])"
      ]
     },
     "execution_count": 21,
     "metadata": {},
     "output_type": "execute_result"
    }
   ],
   "source": [
    "vt@vt.T"
   ]
  },
  {
   "cell_type": "code",
   "execution_count": 22,
   "metadata": {},
   "outputs": [
    {
     "name": "stdout",
     "output_type": "stream",
     "text": [
      "Optimizing...\n",
      "Iteration    Cost                       Gradient norm     \n",
      "---------    -----------------------    --------------    \n",
      "   1         +9.3140608123025942e+01    4.64969339e+01    \n",
      "Terminated - min step_size reached after 1 iterations, 0.01 seconds.\n",
      "\n"
     ]
    },
    {
     "data": {
      "text/plain": [
       "''"
      ]
     },
     "execution_count": 22,
     "metadata": {},
     "output_type": "execute_result"
    }
   ],
   "source": [
    "optimizer.run(problem,initial_point=vt)\n",
    "\"\""
   ]
  },
  {
   "cell_type": "code",
   "execution_count": 23,
   "metadata": {},
   "outputs": [
    {
     "name": "stdout",
     "output_type": "stream",
     "text": [
      "Optimizing...\n",
      "Iteration    Cost                       Gradient norm     \n",
      "---------    -----------------------    --------------    \n",
      "   1         +2.4849776261379950e+04    2.09650753e+07    \n",
      "   2         +2.1026366826680089e+04    2.37484980e+07    \n",
      "   3         +9.0273940241035543e+03    1.39692306e+07    \n",
      "   4         +4.3186267502565670e+03    1.25510415e+07    \n",
      "   5         +4.0870249723686607e+02    3.14414709e+06    \n",
      "   6         +3.5018208396100380e+02    3.25459989e+06    \n",
      "   7         +1.7154729055665160e+02    1.72367058e+06    \n",
      "   8         +1.0385076274986885e+02    6.06474056e+05    \n",
      "   9         +9.7381747215033741e+01    5.70528572e+05    \n",
      "  10         +9.2383059384530654e+01    4.29126608e+05    \n",
      "  11         +8.7992585983633361e+01    1.28307584e+05    \n",
      "  12         +8.7500340383522584e+01    1.71310948e+05    \n",
      "  13         +8.6894236506045445e+01    8.86759701e+04    \n",
      "  14         +8.6725993267420549e+01    6.34552499e+04    \n",
      "  15         +8.6649611398645135e+01    5.26577744e+04    \n",
      "  16         +8.6578448244086388e+01    1.97912421e+04    \n",
      "  17         +8.6564927738066274e+01    3.34437697e+04    \n",
      "  18         +8.6538837827544583e+01    6.19585671e+03    \n",
      "  19         +8.6535652304498171e+01    7.09468319e+03    \n",
      "  20         +8.6534446619558210e+01    3.37739025e+03    \n",
      "  21         +8.6534199874554062e+01    3.84104718e+03    \n",
      "  22         +8.6533865656666109e+01    2.04399322e+03    \n",
      "  23         +8.6533757644477390e+01    1.56669694e+03    \n",
      "  24         +8.6533705317971283e+01    1.40615006e+03    \n",
      "  25         +8.6533653268616320e+01    5.29024147e+02    \n",
      "  26         +8.6533632976746759e+01    7.26906160e+02    \n",
      "  27         +8.6533624706535946e+01    5.15841497e+02    \n",
      "  28         +8.6533618674189483e+01    2.26345893e+02    \n",
      "  29         +8.6533618293471022e+01    3.14072856e+02    \n",
      "  30         +8.6533617011788465e+01    2.16279717e+02    \n",
      "  31         +8.6533615773912089e+01    8.93228694e+01    \n",
      "  32         +8.6533615738882446e+01    2.56939833e+02    \n",
      "  33         +8.6533615601915884e+01    2.45393741e+02    \n",
      "  34         +8.6533615106636148e+01    1.98572949e+02    \n",
      "  35         +8.6533614147143723e+01    5.85486501e+01    \n",
      "  36         +8.6533613896861453e+01    2.56024074e+02    \n",
      "  37         +8.6533613057724097e+01    1.74101024e+02    \n",
      "  38         +8.6533612310013950e+01    6.61488912e+01    \n",
      "  39         +8.6533612024784375e+01    1.18622457e+02    \n",
      "  40         +8.6533611695081788e+01    1.00236965e+02    \n",
      "  41         +8.6533611374898271e+01    6.65180298e+01    \n",
      "  42         +8.6533611077673072e+01    1.00831549e+02    \n",
      "  43         +8.6533610983856889e+01    1.45946101e+02    \n",
      "  44         +8.6533610671782483e+01    9.87783393e+01    \n",
      "  45         +8.6533610659857757e+01    1.61129931e+02    \n",
      "  46         +8.6533610613020002e+01    1.55321820e+02    \n",
      "  47         +8.6533610439836565e+01    1.32121332e+02    \n",
      "  48         +8.6533610000564053e+01    5.61712119e+01    \n",
      "  49         +8.6533608956724649e+01    1.72282009e+02    \n",
      "  50         +8.6533608336203969e+01    1.06523711e+02    \n",
      "  51         +8.6533608209701882e+01    1.41563118e+02    \n",
      "  52         +8.6533607824577672e+01    7.90814636e+01    \n",
      "  53         +8.6533607610646825e+01    1.13453562e+02    \n",
      "  54         +8.6533607241480070e+01    7.20190050e+01    \n",
      "  55         +8.6533607006416688e+01    1.15657179e+02    \n",
      "  56         +8.6533606637757899e+01    7.88200581e+01    \n",
      "  57         +8.6533606410552650e+01    1.07958683e+02    \n",
      "  58         +8.6533606089036240e+01    8.71104115e+01    \n",
      "  59         +8.6533605815656031e+01    8.08838372e+01    \n",
      "  60         +8.6533605547392753e+01    7.46367289e+01    \n",
      "  61         +8.6533605280757826e+01    7.96091745e+01    \n",
      "  62         +8.6533605279161932e+01    1.68165840e+02    \n",
      "Terminated - min step_size reached after 62 iterations, 0.10 seconds.\n",
      "\n",
      "86.53352401411689\n"
     ]
    }
   ],
   "source": [
    "vt = optimizer.run(problem,initial_point=VP(K,n)).point\n",
    "print(funobj(vt@vt.T,X,anp.eye(N)))"
   ]
  },
  {
   "cell_type": "code",
   "execution_count": 62,
   "metadata": {},
   "outputs": [
    {
     "name": "stdout",
     "output_type": "stream",
     "text": [
      "Optimizing...\n",
      "Iteration    Cost                       Gradient norm     \n",
      "---------    -----------------------    --------------    \n",
      "   1         +1.7595471179847916e+01    4.28498553e+03    \n",
      "   2         +1.7593056281561680e+01    7.21879295e+03    \n",
      "   3         +1.7592294724846273e+01    5.46559826e+03    \n",
      "   4         +1.7591539224624988e+01    4.47471008e+02    \n",
      "   5         +1.7591536291478437e+01    5.78875906e+02    \n",
      "   6         +1.7591529587357005e+01    1.23495481e+02    \n",
      "   7         +1.7591528825391915e+01    1.27107641e+02    \n",
      "   8         +1.7591528627172995e+01    1.58589081e+02    \n",
      "   9         +1.7591528114799207e+01    6.17820223e+01    \n",
      "  10         +1.7591527977157970e+01    1.73560096e+02    \n",
      "  11         +1.7591527547095072e+01    9.94504901e+01    \n",
      "  12         +1.7591527467590897e+01    1.16353429e+02    \n",
      "  13         +1.7591527233693846e+01    5.92221042e+01    \n",
      "  14         +1.7591527203921654e+01    1.11387815e+02    \n",
      "  15         +1.7591527097812385e+01    8.75260920e+01    \n",
      "  16         +1.7591526919909292e+01    4.92685069e+01    \n",
      "  17         +1.7591526871892565e+01    9.74131943e+01    \n",
      "  18         +1.7591526723657061e+01    5.54050578e+01    \n",
      "  19         +1.7591526659854186e+01    7.24401428e+01    \n",
      "  20         +1.7591526532515655e+01    3.55186811e+01    \n",
      "  21         +1.7591526420730304e+01    7.28975047e+01    \n",
      "  22         +1.7591526381130855e+01    8.23417942e+01    \n",
      "  23         +1.7591526264807943e+01    4.15913999e+01    \n",
      "  24         +1.7591526258639508e+01    8.04128494e+01    \n",
      "  25         +1.7591526235048427e+01    7.34015402e+01    \n",
      "  26         +1.7591526159236178e+01    4.58253976e+01    \n",
      "  27         +1.7591526103776118e+01    4.08582730e+01    \n",
      "  28         +1.7591526052036691e+01    3.33780694e+01    \n",
      "  29         +1.7591526006335624e+01    3.92212406e+01    \n",
      "  30         +1.7591526002487882e+01    6.79495435e+01    \n",
      "  31         +1.7591525987684133e+01    6.27975051e+01    \n",
      "  32         +1.7591525938422730e+01    4.24411750e+01    \n",
      "  33         +1.7591525890020044e+01    2.63167391e+01    \n",
      "  34         +1.7591525847712862e+01    4.29105099e+01    \n",
      "  35         +1.7591525831540011e+01    5.47479621e+01    \n",
      "  36         +1.7591525782356907e+01    3.02824382e+01    \n",
      "  37         +1.7591525760990109e+01    4.42162206e+01    \n",
      "  38         +1.7591525714442362e+01    1.96003662e+01    \n",
      "  39         +1.7591525612111003e+01    5.73591963e+01    \n",
      "  40         +1.7591525557985300e+01    3.63888955e+01    \n",
      "  41         +1.7591525541996507e+01    3.91227887e+01    \n",
      "  42         +1.7591525507001613e+01    1.55177827e+01    \n",
      "  43         +1.7591525405817176e+01    3.81006493e+01    \n",
      "  44         +1.7591525384351655e+01    3.10069028e+01    \n",
      "  45         +1.7591525379690182e+01    3.85070490e+01    \n",
      "  46         +1.7591525363722607e+01    2.77152003e+01    \n",
